No. of operations: 20 
		 2.000000	 3.000000	 1.750000	 1.500000	 1.250000
 0.250000	 0.000164	 0.000060	 0.000052	 0.000059	 0.000063
 0.500000	 0.000039	 0.000053	 0.000059	 0.000045	 0.000041
 0.750000	 0.000048	 0.000053	 0.000060	 0.000051	 0.000071

No. of operations: 100 
		 2.000000	 3.000000	 1.750000	 1.500000	 1.250000
 0.250000	 0.000070	 0.000035	 0.000034	 0.000047	 0.000049
 0.500000	 0.000041	 0.000036	 0.000043	 0.000041	 0.000041
 0.750000	 0.000036	 0.000038	 0.000036	 0.000044	 0.000041

No. of operations: 1000 
		 2.000000	 3.000000	 1.750000	 1.500000	 1.250000
 0.250000	 0.000029	 0.000027	 0.000030	 0.000033	 0.000027
 0.500000	 0.000026	 0.000027	 0.000028	 0.000027	 0.000028
 0.750000	 0.000034	 0.000029	 0.000029	 0.000031	 0.000029

No. of operations: 10000 
		 2.000000	 3.000000	 1.750000	 1.500000	 1.250000
 0.250000	 0.000028	 0.000027	 0.000024	 0.000024	 0.000024
 0.500000	 0.000027	 0.000029	 0.000025	 0.000029	 0.000035
 0.750000	 0.000026	 0.000029	 0.000025	 0.000028	 0.000026

No. of operations: 100000 
		 2.000000	 3.000000	 1.750000	 1.500000	 1.250000
 0.250000	 0.000025	 0.000025	 0.000025	 0.000026	 0.000024
 0.500000	 0.000028	 0.000023	 0.000024	 0.000025	 0.000024
 0.750000	 0.000026	 0.000025	 0.000024	 0.000025	 0.000025

No. of operations: 1000000 
		 2.000000	 3.000000	 1.750000	 1.500000	 1.250000
 0.250000	 0.000024	 0.000025	 0.000025	 0.000024	 0.000025
 0.500000	 0.000024	 0.000024	 0.000024	 0.000025	 0.000024
 0.750000	 0.000024	 0.000025	 0.000025	 0.000024	 0.000024

