No. of operations: 20 
		 2.000000	 3.000000	 1.750000	 1.500000	 1.250000
 0.250000	 0.000223	 0.000033	 0.000036	 0.001011	 0.000427
 0.500000	 0.000054	 0.000377	 0.000074	 0.000030	 0.000031
 0.750000	 0.000070	 0.000751	 0.001218	 0.000060	 0.000750

No. of operations: 100 
		 2.000000	 3.000000	 1.750000	 1.500000	 1.250000
 0.250000	 0.000097	 0.000037	 0.000032	 0.000263	 0.000125
 0.500000	 0.000249	 0.000102	 0.000183	 0.000184	 0.000110
 0.750000	 0.000121	 0.000059	 0.000140	 0.000182	 0.000043

No. of operations: 1000 
		 2.000000	 3.000000	 1.750000	 1.500000	 1.250000
 0.250000	 0.000030	 0.000051	 0.000027	 0.000041	 0.000027
 0.500000	 0.000033	 0.000037	 0.000031	 0.000045	 0.000027
 0.750000	 0.000042	 0.000037	 0.000037	 0.000031	 0.000034

No. of operations: 10000 
		 2.000000	 3.000000	 1.750000	 1.500000	 1.250000
 0.250000	 0.000029	 0.000036	 0.000025	 0.000025	 0.000025
 0.500000	 0.000027	 0.000030	 0.000026	 0.000032	 0.000038
 0.750000	 0.000032	 0.000030	 0.000026	 0.000027	 0.000028

No. of operations: 100000 
		 2.000000	 3.000000	 1.750000	 1.500000	 1.250000
 0.250000	 0.000027	 0.000027	 0.000028	 0.000027	 0.000026
 0.500000	 0.000029	 0.000026	 0.000026	 0.000027	 0.000026
 0.750000	 0.000028	 0.000028	 0.000026	 0.000028	 0.000027

No. of operations: 1000000 
		 2.000000	 3.000000	 1.750000	 1.500000	 1.250000
 0.250000	 0.000026	 0.000027	 0.000026	 0.000026	 0.000027
 0.500000	 0.000026	 0.000026	 0.000026	 0.000026	 0.000038
 0.750000	 0.000027	 0.000026	 0.000026	 0.000026	 0.000026

