No. of operations: 20 
		 2.000000	 3.000000	 1.750000	 1.500000	 1.250000
 0.250000	 0.000185	 0.000054	 0.000049	 0.000488	 0.000208
 0.500000	 0.000044	 0.000199	 0.000063	 0.000041	 0.000037
 0.750000	 0.000049	 0.000157	 0.000581	 0.000054	 0.000410

No. of operations: 100 
		 2.000000	 3.000000	 1.750000	 1.500000	 1.250000
 0.250000	 0.000077	 0.000036	 0.000034	 0.000123	 0.000075
 0.500000	 0.000116	 0.000060	 0.000089	 0.000084	 0.000066
 0.750000	 0.000068	 0.000044	 0.000067	 0.000088	 0.000042

No. of operations: 1000 
		 2.000000	 3.000000	 1.750000	 1.500000	 1.250000
 0.250000	 0.000029	 0.000035	 0.000029	 0.000036	 0.000027
 0.500000	 0.000028	 0.000030	 0.000029	 0.000033	 0.000027
 0.750000	 0.000036	 0.000032	 0.000032	 0.000031	 0.000031

No. of operations: 10000 
		 2.000000	 3.000000	 1.750000	 1.500000	 1.250000
 0.250000	 0.000028	 0.000030	 0.000025	 0.000024	 0.000024
 0.500000	 0.000027	 0.000029	 0.000025	 0.000030	 0.000036
 0.750000	 0.000028	 0.000029	 0.000025	 0.000027	 0.000027

No. of operations: 100000 
		 2.000000	 3.000000	 1.750000	 1.500000	 1.250000
 0.250000	 0.000026	 0.000026	 0.000026	 0.000026	 0.000024
 0.500000	 0.000028	 0.000024	 0.000024	 0.000026	 0.000024
 0.750000	 0.000027	 0.000026	 0.000025	 0.000026	 0.000026

No. of operations: 1000000 
		 2.000000	 3.000000	 1.750000	 1.500000	 1.250000
 0.250000	 0.000025	 0.000025	 0.000025	 0.000025	 0.000025
 0.500000	 0.000025	 0.000025	 0.000025	 0.000025	 0.000029
 0.750000	 0.000025	 0.000025	 0.000025	 0.000025	 0.000025

