No. of operations: 20 
		 2.000000	 3.000000	 1.750000	 1.500000	 1.250000
 0.250000	 0.001502	 0.000312	 0.000128	 0.000130	 0.000108
 0.500000	 0.000065	 0.000097	 0.000103	 0.000107	 0.000071
 0.750000	 0.000216	 0.000196	 0.000114	 0.000104	 0.000112

No. of operations: 100 
		 2.000000	 3.000000	 1.750000	 1.500000	 1.250000
 0.250000	 0.001786	 0.000193	 0.000122	 0.000253	 0.000233
 0.500000	 0.000189	 0.000142	 0.000166	 0.000162	 0.000133
 0.750000	 0.000129	 0.000162	 0.000166	 0.000158	 0.000147

No. of operations: 1000 
		 2.000000	 3.000000	 1.750000	 1.500000	 1.250000
 0.250000	 0.001244	 0.000276	 0.002371	 0.002052	 0.000158
 0.500000	 0.000150	 0.000255	 0.000285	 0.000280	 0.000249
 0.750000	 0.001274	 0.000367	 0.000321	 0.000374	 0.000361

No. of operations: 10000 
		 2.000000	 3.000000	 1.750000	 1.500000	 1.250000
 0.250000	 0.001623	 0.002208	 0.001169	 0.001183	 0.001152
 0.500000	 0.010666	 0.006700	 0.001213	 0.001666	 0.002650
 0.750000	 0.001295	 0.010967	 0.001868	 0.009406	 0.000476

No. of operations: 100000 
		 2.000000	 3.000000	 1.750000	 1.500000	 1.250000
 0.250000	 0.011642	 0.003742	 0.023068	 0.011957	 0.010284
 0.500000	 0.022955	 0.002018	 0.012024	 0.013110	 0.010432
 0.750000	 0.016200	 0.015583	 0.009266	 0.011620	 0.010431

No. of operations: 1000000 
		 2.000000	 3.000000	 1.750000	 1.500000	 1.250000
 0.250000	 0.059669	 0.035155	 0.049402	 0.043142	 0.059104
 0.500000	 0.058343	 0.082389	 0.052616	 0.045728	 0.071185
 0.750000	 0.072391	 0.027476	 0.040199	 0.044398	 0.052842

