No. of operations: 20 
		 2.000000	 3.000000	 1.750000	 1.500000	 1.250000
 0.250000	 0.001275	 0.000037	 0.000041	 0.008788	 0.002047
 0.500000	 0.000104	 0.001847	 0.000126	 0.000042	 0.000041
 0.750000	 0.000070	 0.002128	 0.003625	 0.000084	 0.002031

No. of operations: 100 
		 2.000000	 3.000000	 1.750000	 1.500000	 1.250000
 0.250000	 0.001370	 0.000113	 0.000057	 0.007907	 0.002883
 0.500000	 0.003481	 0.002236	 0.002085	 0.002411	 0.002021
 0.750000	 0.002123	 0.000107	 0.002325	 0.002017	 0.000080

No. of operations: 1000 
		 2.000000	 3.000000	 1.750000	 1.500000	 1.250000
 0.250000	 0.000854	 0.005719	 0.000055	 0.003392	 0.000054
 0.500000	 0.001878	 0.001241	 0.001137	 0.001134	 0.000131
 0.750000	 0.001278	 0.001167	 0.001112	 0.000095	 0.001240

No. of operations: 10000 
		 2.000000	 3.000000	 1.750000	 1.500000	 1.250000
 0.250000	 0.001293	 0.010392	 0.000206	 0.000054	 0.000049
 0.500000	 0.004892	 0.000676	 0.000049	 0.006270	 0.010330
 0.750000	 0.015552	 0.008204	 0.000129	 0.002494	 0.004679

No. of operations: 100000 
		 2.000000	 3.000000	 1.750000	 1.500000	 1.250000
 0.250000	 0.011373	 0.010496	 0.019573	 0.012750	 0.009111
 0.500000	 0.010644	 0.011358	 0.008535	 0.010457	 0.009829
 0.750000	 0.009973	 0.011714	 0.009304	 0.012321	 0.011857

No. of operations: 1000000 
		 2.000000	 3.000000	 1.750000	 1.500000	 1.250000
 0.250000	 0.011333	 0.012916	 0.018617	 0.011316	 0.012212
 0.500000	 0.012362	 0.016845	 0.018381	 0.012433	 3.852993
 0.750000	 0.012291	 0.019062	 0.012030	 0.013341	 0.012412

