No. of operations: 20 
		 2.000000	 3.000000	 1.750000	 1.500000	 1.250000
 0.250000	 0.004500	 0.001481	 0.000626	 0.000034	 0.001118
 0.500000	 0.001236	 0.001579	 0.000663	 0.000039	 0.000780
 0.750000	 0.001393	 0.000057	 0.000376	 0.000056	 0.000271

No. of operations: 100 
		 2.000000	 3.000000	 1.750000	 1.500000	 1.250000
 0.250000	 0.000230	 0.000481	 0.000211	 0.000101	 0.000036
 0.500000	 0.000117	 0.000349	 0.000085	 0.000084	 0.000077
 0.750000	 0.000051	 0.000144	 0.000115	 0.000184	 0.000038

No. of operations: 1000 
		 2.000000	 3.000000	 1.750000	 1.500000	 1.250000
 0.250000	 0.000043	 0.000027	 0.000027	 0.000039	 0.000048
 0.500000	 0.000029	 0.000041	 0.000027	 0.000027	 0.000027
 0.750000	 0.000040	 0.000037	 0.000039	 0.000028	 0.000099

No. of operations: 10000 
		 2.000000	 3.000000	 1.750000	 1.500000	 1.250000
 0.250000	 0.000029	 0.000028	 0.000026	 0.000030	 0.000027
 0.500000	 0.000036	 0.000029	 0.000025	 0.000027	 0.000036
 0.750000	 0.000030	 0.000027	 0.000027	 0.000030	 0.000028

No. of operations: 100000 
		 2.000000	 3.000000	 1.750000	 1.500000	 1.250000
 0.250000	 0.000026	 0.000027	 0.000028	 0.000027	 0.000026
 0.500000	 0.000027	 0.000027	 0.000028	 0.000027	 0.000028
 0.750000	 0.000026	 0.000026	 0.000027	 0.000026	 0.000028

No. of operations: 1000000 
		 2.000000	 3.000000	 1.750000	 1.500000	 1.250000
 0.250000	 0.000026	 0.000026	 0.000028	 0.000039	 0.000026
 0.500000	 0.000029	 0.000027	 0.000026	 0.000026	 0.000026
 0.750000	 0.000027	 0.000028	 0.000027	 0.000027	 0.000026

