No. of operations: 20 
		 2.000000	 3.000000	 1.750000	 1.500000	 1.250000
 0.250000	 0.001331	 0.000622	 0.000367	 0.000036	 0.000643
 0.500000	 0.000820	 0.000531	 0.000354	 0.000050	 0.000385
 0.750000	 0.001052	 0.000048	 0.000174	 0.000045	 0.000148

No. of operations: 100 
		 2.000000	 3.000000	 1.750000	 1.500000	 1.250000
 0.250000	 0.000144	 0.000242	 0.000124	 0.000061	 0.000040
 0.500000	 0.000067	 0.000199	 0.000064	 0.000055	 0.000052
 0.750000	 0.000043	 0.000078	 0.000076	 0.000117	 0.000038

No. of operations: 1000 
		 2.000000	 3.000000	 1.750000	 1.500000	 1.250000
 0.250000	 0.000035	 0.000026	 0.000026	 0.000030	 0.000036
 0.500000	 0.000030	 0.000033	 0.000027	 0.000027	 0.000027
 0.750000	 0.000034	 0.000032	 0.000033	 0.000028	 0.000069

No. of operations: 10000 
		 2.000000	 3.000000	 1.750000	 1.500000	 1.250000
 0.250000	 0.000027	 0.000029	 0.000025	 0.000026	 0.000026
 0.500000	 0.000029	 0.000027	 0.000025	 0.000028	 0.000036
 0.750000	 0.000028	 0.000026	 0.000027	 0.000029	 0.000027

No. of operations: 100000 
		 2.000000	 3.000000	 1.750000	 1.500000	 1.250000
 0.250000	 0.000025	 0.000026	 0.000026	 0.000026	 0.000026
 0.500000	 0.000026	 0.000025	 0.000026	 0.000026	 0.000026
 0.750000	 0.000025	 0.000025	 0.000026	 0.000025	 0.000027

No. of operations: 1000000 
		 2.000000	 3.000000	 1.750000	 1.500000	 1.250000
 0.250000	 0.000025	 0.000026	 0.000026	 0.000033	 0.000025
 0.500000	 0.000028	 0.000026	 0.000026	 0.000025	 0.000025
 0.750000	 0.000025	 0.000026	 0.000025	 0.000026	 0.000025

