No. of operations: 20 
		 2.000000	 3.000000	 1.750000	 1.500000	 1.250000
 0.250000	 0.022325	 0.005408	 0.002018	 0.000055	 0.003221
 0.500000	 0.003663	 0.004849	 0.001901	 0.000070	 0.002677
 0.750000	 0.003534	 0.000093	 0.002605	 0.000095	 0.002082

No. of operations: 100 
		 2.000000	 3.000000	 1.750000	 1.500000	 1.250000
 0.250000	 0.007327	 0.005500	 0.001256	 0.001008	 0.000089
 0.500000	 0.001232	 0.002393	 0.001822	 0.001365	 0.001000
 0.750000	 0.000162	 0.001234	 0.001330	 0.000971	 0.000127

No. of operations: 1000 
		 2.000000	 3.000000	 1.750000	 1.500000	 1.250000
 0.250000	 0.006528	 0.000049	 0.000096	 0.002650	 0.002279
 0.500000	 0.000150	 0.002373	 0.000075	 0.000054	 0.000077
 0.750000	 0.002407	 0.002083	 0.001707	 0.000111	 0.010319

No. of operations: 10000 
		 2.000000	 3.000000	 1.750000	 1.500000	 1.250000
 0.250000	 0.005974	 0.003321	 0.000238	 0.011417	 0.002488
 0.500000	 0.025033	 0.008750	 0.000072	 0.000078	 0.010260
 0.750000	 0.008541	 0.000161	 0.003414	 0.004189	 0.008898

No. of operations: 100000 
		 2.000000	 3.000000	 1.750000	 1.500000	 1.250000
 0.250000	 0.012898	 0.008137	 0.011978	 0.009165	 0.008741
 0.500000	 0.012809	 0.012357	 0.010301	 0.010993	 0.011244
 0.750000	 0.010267	 0.002160	 0.009550	 0.010391	 0.000546

No. of operations: 1000000 
		 2.000000	 3.000000	 1.750000	 1.500000	 1.250000
 0.250000	 0.019929	 0.011783	 0.473627	 3.534455	 0.012135
 0.500000	 0.147667	 0.020515	 0.024129	 0.014247	 0.013181
 0.750000	 0.015190	 0.473773	 0.473968	 0.012926	 0.012398

