No. of operations: 20 
		 2.000000	 3.000000	 1.750000	 1.500000	 1.250000
 0.250000	 0.003392	 0.000101	 0.000101	 0.000071	 0.000108
 0.500000	 0.000116	 0.000564	 0.000099	 0.000100	 0.000102
 0.750000	 0.000051	 0.000069	 0.000065	 0.000068	 0.000063

No. of operations: 100 
		 2.000000	 3.000000	 1.750000	 1.500000	 1.250000
 0.250000	 0.002411	 0.000237	 0.000089	 0.000129	 0.000091
 0.500000	 0.000142	 0.000252	 0.000135	 0.000177	 0.000145
 0.750000	 0.000186	 0.000159	 0.000084	 0.000080	 0.000077

No. of operations: 1000 
		 2.000000	 3.000000	 1.750000	 1.500000	 1.250000
 0.250000	 0.002099	 0.000191	 0.000155	 0.000114	 0.000206
 0.500000	 0.001245	 0.000328	 0.000170	 0.000355	 0.000331
 0.750000	 0.000322	 0.000278	 0.000327	 0.000229	 0.009162

No. of operations: 10000 
		 2.000000	 3.000000	 1.750000	 1.500000	 1.250000
 0.250000	 0.002506	 0.017392	 0.000545	 0.001090	 0.001043
 0.500000	 0.001073	 0.008418	 0.001381	 0.009583	 0.009309
 0.750000	 0.001324	 0.001462	 0.009311	 0.010272	 0.000986

No. of operations: 100000 
		 2.000000	 3.000000	 1.750000	 1.500000	 1.250000
 0.250000	 0.003735	 0.012338	 0.003557	 0.010268	 0.012837
 0.500000	 0.011017	 0.002858	 0.013561	 0.011986	 0.012413
 0.750000	 0.003980	 0.001646	 0.011103	 0.009551	 0.003835

No. of operations: 1000000 
		 2.000000	 3.000000	 1.750000	 1.500000	 1.250000
 0.250000	 0.056672	 0.474375	 0.053479	 0.473403	 0.055705
 0.500000	 0.086513	 0.474042	 0.633721	 0.052770	 0.147841
 0.750000	 0.037560	 0.028803	 0.038092	 0.473668	 0.052379

