No. of operations: 20 
		 2.000000	 3.000000	 1.750000	 1.500000	 1.250000
 0.250000	 0.001930	 0.003326	 0.001585	 0.006955	 0.002893
 0.500000	 0.003086	 0.000190	 0.006983	 0.005169	 0.000114
 0.750000	 0.000197	 0.000160	 0.008902	 0.004750	 0.002669

No. of operations: 100 
		 2.000000	 3.000000	 1.750000	 1.500000	 1.250000
 0.250000	 0.001555	 0.001737	 0.000962	 0.001905	 0.001773
 0.500000	 0.001710	 0.002263	 0.002030	 0.001871	 0.002015
 0.750000	 0.001371	 0.001425	 0.001599	 0.000107	 0.002903

No. of operations: 1000 
		 2.000000	 3.000000	 1.750000	 1.500000	 1.250000
 0.250000	 0.000087	 0.000042	 0.000242	 0.000087	 0.000188
 0.500000	 0.000201	 0.000365	 0.000092	 0.000028	 0.000051
 0.750000	 0.000089	 0.000124	 0.000118	 0.000076	 0.000079

No. of operations: 10000 
		 2.000000	 3.000000	 1.750000	 1.500000	 1.250000
 0.250000	 0.000047	 0.000034	 0.000044	 0.000073	 0.000059
 0.500000	 0.000056	 0.000033	 0.000041	 0.000066	 0.000092
 0.750000	 0.000097	 0.000044	 0.000051	 0.000066	 0.000034

No. of operations: 100000 
		 2.000000	 3.000000	 1.750000	 1.500000	 1.250000
 0.250000	 0.000029	 0.000035	 0.000041	 0.000049	 0.000034
 0.500000	 0.000034	 0.000033	 0.000042	 0.000033	 0.000050
 0.750000	 0.000041	 0.000028	 0.000045	 0.000040	 0.000037

No. of operations: 1000000 
		 2.000000	 3.000000	 1.750000	 1.500000	 1.250000
 0.250000	 0.000027	 0.000030	 0.000026	 0.000030	 0.000028
 0.500000	 0.000032	 0.000028	 0.000032	 0.000026	 0.000031
 0.750000	 0.000026	 0.000029	 0.000029	 0.000034	 0.000031

