No. of operations: 20 
		 2.000000	 3.000000	 1.750000	 1.500000	 1.250000
 0.250000	 0.001053	 0.001687	 0.000514	 0.005243	 0.001422
 0.500000	 0.001351	 0.000147	 0.003574	 0.003163	 0.000129
 0.750000	 0.000146	 0.000142	 0.004550	 0.001579	 0.001546

No. of operations: 100 
		 2.000000	 3.000000	 1.750000	 1.500000	 1.250000
 0.250000	 0.000809	 0.000755	 0.000509	 0.001066	 0.001028
 0.500000	 0.000983	 0.001424	 0.001077	 0.001058	 0.000934
 0.750000	 0.000696	 0.000733	 0.000861	 0.000093	 0.001302

No. of operations: 1000 
		 2.000000	 3.000000	 1.750000	 1.500000	 1.250000
 0.250000	 0.000063	 0.000038	 0.000149	 0.000060	 0.000118
 0.500000	 0.000125	 0.000216	 0.000065	 0.000028	 0.000041
 0.750000	 0.000065	 0.000083	 0.000077	 0.000057	 0.000058

No. of operations: 10000 
		 2.000000	 3.000000	 1.750000	 1.500000	 1.250000
 0.250000	 0.000039	 0.000031	 0.000036	 0.000052	 0.000047
 0.500000	 0.000042	 0.000030	 0.000034	 0.000048	 0.000063
 0.750000	 0.000068	 0.000037	 0.000040	 0.000048	 0.000031

No. of operations: 100000 
		 2.000000	 3.000000	 1.750000	 1.500000	 1.250000
 0.250000	 0.000027	 0.000030	 0.000034	 0.000038	 0.000029
 0.500000	 0.000030	 0.000029	 0.000035	 0.000030	 0.000039
 0.750000	 0.000036	 0.000027	 0.000037	 0.000034	 0.000032

No. of operations: 1000000 
		 2.000000	 3.000000	 1.750000	 1.500000	 1.250000
 0.250000	 0.000026	 0.000028	 0.000025	 0.000028	 0.000026
 0.500000	 0.000029	 0.000026	 0.000029	 0.000026	 0.000028
 0.750000	 0.000025	 0.000027	 0.000027	 0.000030	 0.000028

