No. of operations: 20 
		 2.000000	 3.000000	 1.750000	 1.500000	 1.250000
 0.250000	 0.000177	 0.000047	 0.000055	 0.000106	 0.000217
 0.500000	 0.000194	 0.000123	 0.000166	 0.000153	 0.000140
 0.750000	 0.000119	 0.000132	 0.000197	 0.000220	 0.000174

No. of operations: 100 
		 2.000000	 3.000000	 1.750000	 1.500000	 1.250000
 0.250000	 0.000121	 0.000072	 0.000073	 0.000082	 0.000079
 0.500000	 0.000096	 0.000112	 0.000086	 0.000104	 0.000085
 0.750000	 0.000096	 0.000094	 0.000092	 0.000086	 0.000095

No. of operations: 1000 
		 2.000000	 3.000000	 1.750000	 1.500000	 1.250000
 0.250000	 0.000040	 0.000035	 0.000047	 0.000035	 0.000044
 0.500000	 0.000045	 0.000049	 0.000038	 0.000028	 0.000031
 0.750000	 0.000041	 0.000042	 0.000037	 0.000039	 0.000036

No. of operations: 10000 
		 2.000000	 3.000000	 1.750000	 1.500000	 1.250000
 0.250000	 0.000030	 0.000028	 0.000028	 0.000030	 0.000035
 0.500000	 0.000028	 0.000027	 0.000027	 0.000031	 0.000033
 0.750000	 0.000039	 0.000031	 0.000030	 0.000030	 0.000028

No. of operations: 100000 
		 2.000000	 3.000000	 1.750000	 1.500000	 1.250000
 0.250000	 0.000025	 0.000026	 0.000026	 0.000027	 0.000025
 0.500000	 0.000026	 0.000026	 0.000028	 0.000027	 0.000028
 0.750000	 0.000031	 0.000026	 0.000030	 0.000028	 0.000028

No. of operations: 1000000 
		 2.000000	 3.000000	 1.750000	 1.500000	 1.250000
 0.250000	 0.000025	 0.000025	 0.000024	 0.000026	 0.000025
 0.500000	 0.000026	 0.000025	 0.000025	 0.000025	 0.000026
 0.750000	 0.000025	 0.000025	 0.000025	 0.000027	 0.000026

