No. of operations: 20 
		 2.000000	 3.000000	 1.750000	 1.500000	 1.250000
 0.250000	 0.011809	 0.017307	 0.009277	 0.041062	 0.025043
 0.500000	 0.023655	 0.000301	 0.043034	 0.024812	 0.000271
 0.750000	 0.000281	 0.000230	 0.075765	 0.028025	 0.024261

No. of operations: 100 
		 2.000000	 3.000000	 1.750000	 1.500000	 1.250000
 0.250000	 0.054479	 0.068893	 0.043697	 0.063887	 0.056911
 0.500000	 0.063483	 0.057684	 0.062304	 0.066580	 0.081986
 0.750000	 0.057934	 0.058114	 0.060527	 0.000163	 0.118002

No. of operations: 1000 
		 2.000000	 3.000000	 1.750000	 1.500000	 1.250000
 0.250000	 0.006145	 0.002719	 0.003910	 0.004029	 0.004051
 0.500000	 0.003757	 0.010083	 0.002765	 0.000055	 0.002590
 0.750000	 0.003419	 0.003390	 0.002049	 0.001995	 0.001959

No. of operations: 10000 
		 2.000000	 3.000000	 1.750000	 1.500000	 1.250000
 0.250000	 0.017394	 0.004712	 0.005056	 0.003599	 0.005663
 0.500000	 0.004978	 0.002544	 0.010729	 0.149409	 0.007829
 0.750000	 0.004896	 0.002744	 0.004922	 0.012867	 0.002707

No. of operations: 100000 
		 2.000000	 3.000000	 1.750000	 1.500000	 1.250000
 0.250000	 0.013351	 0.010982	 0.010091	 0.014121	 0.012109
 0.500000	 0.011385	 0.012018	 0.012817	 0.006000	 0.011220
 0.750000	 0.006824	 0.010356	 0.018304	 0.009195	 0.009411

No. of operations: 1000000 
		 2.000000	 3.000000	 1.750000	 1.500000	 1.250000
 0.250000	 0.082866	 0.080838	 0.013348	 0.084869	 0.072453
 0.500000	 0.025296	 0.043243	 0.047482	 0.027570	 0.070406
 0.750000	 0.013121	 0.067352	 0.020107	 0.071774	 0.057616

