No. of operations: 20 
		 2.000000	 3.000000	 1.750000	 1.500000	 1.250000
 0.250000	 0.001276	 0.000082	 0.000144	 0.000155	 0.000410
 0.500000	 0.000321	 0.000266	 0.000296	 0.000316	 0.000220
 0.750000	 0.000165	 0.000296	 0.000350	 0.000651	 0.000300

No. of operations: 100 
		 2.000000	 3.000000	 1.750000	 1.500000	 1.250000
 0.250000	 0.001938	 0.000668	 0.000197	 0.000221	 0.000197
 0.500000	 0.000231	 0.000371	 0.000274	 0.000247	 0.000434
 0.750000	 0.000198	 0.000287	 0.000230	 0.000351	 0.000425

No. of operations: 1000 
		 2.000000	 3.000000	 1.750000	 1.500000	 1.250000
 0.250000	 0.001407	 0.000396	 0.000157	 0.000249	 0.000312
 0.500000	 0.000220	 0.000318	 0.000327	 0.000260	 0.000329
 0.750000	 0.000337	 0.001486	 0.000226	 0.000235	 0.000109

No. of operations: 10000 
		 2.000000	 3.000000	 1.750000	 1.500000	 1.250000
 0.250000	 0.007986	 0.003606	 0.000369	 0.000306	 0.001400
 0.500000	 0.000324	 0.000294	 0.000457	 0.001042	 0.000462
 0.750000	 0.001424	 0.001224	 0.000654	 0.000390	 0.000313

No. of operations: 100000 
		 2.000000	 3.000000	 1.750000	 1.500000	 1.250000
 0.250000	 0.010549	 0.002706	 0.013642	 0.000619	 0.011145
 0.500000	 0.003327	 0.000497	 0.001511	 0.011681	 0.010383
 0.750000	 0.020056	 0.009283	 0.009090	 0.008336	 0.010276

No. of operations: 1000000 
		 2.000000	 3.000000	 1.750000	 1.500000	 1.250000
 0.250000	 0.074251	 0.012736	 0.051565	 0.218070	 0.019863
 0.500000	 0.052064	 0.068045	 0.071943	 0.089522	 0.070186
 0.750000	 0.058406	 0.149110	 0.068767	 0.214518	 0.072691

